((("trans" .
   [3 0 0 0 0])
  ("calloc" .
   [1 0 0 0 0 0])
  ("node" .
   [4 0 0 0])
  ("NULL" .
   [1 0 0 0])
  ("seed_gen" .
   [2 0 0 0 0 0 0 0])
  ("string" .
   [1 0 0 0 0 0])
  ("memcpy" .
   [1 0 0 0 0 0])
  ("require" .
   [1 0 0 0 0 0 0])
  (":init" .
   [1 0 0 0 0])
  (":ensure" .
   [1 0 0 0 0 0 0])
  ("gsl_rng_type" .
   [1 0 0 0 0 0 0 0 0 0 0 0])
  ("nil" .
   [1 0 0])
  ("default" .
   [1 0 0 0 0 0 0])
  ("set-face-attribute" .
   [0 0 0 0 0 0 0 0 0 0 0 0 0 0 0 0 0 1])
  ("cleanup" .
   [0 0 0 0 0 1 0])
  ("bad-package" .
   [0 0 0 0 0 0 0 0 0 0 1])
  ("bad-package-check" .
   [0 0 0 0 1 0 0 0 0 0 0 0 0 0 0 0 0])
  ("reactNode" .
   [3 0 0 0 0 0 0 1 0])
  ("seeds" .
   [1 0 0 0 0])
  ("reactSeeds" .
   [1 0 0 0 0 0 0 0 0 0])
  ("AEM" .
   [1 0 0])
  ("vector" .
   [1 0 0 0 0 0])
  ("reactTimes" .
   [4 0 0 0 0 0 0 0 0 0])
  ("reactInf" .
   [3 0 0 0 0 0 0 0])
  ("sim_args" .
   [5 0 0 0 2 0 1 0])
  ("malloc" .
   [5 0 0 0 0 0])
  ("gsl_rng" .
   [17 0 0 0 0 0 0])
  ("s" .
   [5])
  ("S" .
   [1])
  ("gsl_rng_uniform_int" .
   [0 0 0 0 0 0 0 0 0 0 0 0 0 0 0 0 0 0 1])
  ("rng" .
   [2 0 0])
  ("Nn" .
   [7 0])
  ("free" .
   [16 0 0 0])
  ("rrate" .
   [2 0 0 0 0])
  ("tspan" .
   [22 0 0 0 0])
  ("reactHeap" .
   [1 0 0 0 0 0 0 0 1])
  ("r" .
   [5])
  ("rands" .
   [8 0 0 0 0])
  ("newrate" .
   [2 0 0 0 0 0 0])
  ("gsl_rng_free" .
   [2 0 0 0 0 0 0 0 0 1 0 0])
  ("rand" .
   [1 0 0 0])
  ("Nt" .
   [32 0])
  ("Sn" .
   [1 0])
  ("In" .
   [1 0])
  ("Rn" .
   [1 0])
  ("N" .
   [15])
  ("reactHeapSize" .
   [1 0 0 0 0 0 0 0 0 1 1 0 0])
  ("printf" .
   [9 0 0 0 0 0])
  ("in" .
   [13 0])
  ("tt" .
   [9 0])
  ("t" .
   [8])
  ("tStop" .
   [13 0 0 0 0])
  ("it" .
   [16 0])
  ("isinf" .
   [3 0 0 0 0])
  ("b" .
   [1])
  ("i" .
   [10])
  ("subvol" .
   [3 0 0 0 0 0])
  ("Nc" .
   [16 0])
  ("errcode" .
   [4 0 0 0 0 0 0])
  ("oldrate" .
   [1 0 0 0 0 0 0])
  ("PropensityFun" .
   [0 0 0 0 1 0 0 0 0 0 0 0 0])
  ("propFunction" .
   [1 0 0 0 0 0 0 0 0 0 0 0])
  ("re" .
   [9 0])
  ("j" .
   [1])
  ("Sm" .
   [3 0])
  ("p" .
   [2])
  ("state" .
   [7 0 0 0 0])
  ("printState" .
   [2 0 0 0 0 0 0 0 0 0])
  ("tstop" .
   [4 0 0 0 0])
  ("u" .
   [3])
  ("uNew" .
   [19 0 0 0])
  ("current" .
   [3 0 0 0 0 0 0])
  ("currentState" .
   [1 0 0 0 0 0 0 0 0 0 0 0])
  ("gsl_rng_set" .
   [1 0 0 0 0 0 0 0 0 0 0])
  ("seed" .
   [2 0 0 0])
  ("argv" .
   [8 0 0 0])
  ("argc" .
   [4 0 0 0])
  ("write2file" .
   [1 0 0 0 0 1 1 0 0 0])
  ("v" .
   [1])
  ("fputs" .
   [1 0 0 0 0])
  ("fp" .
   [2 0])
  ("c" .
   [1])
  ("load" .
   [2 0 0 0])
  ("~/Gits/MDAR/R/DATA/" .
   [0 0 0 0 0 0 0 0 0 0 0 0 0 0 0 1 0 0 0])
  ("ls" .
   [1 0])
  ("plotMap" .
   [0 0 0 0 0 0 1])
  ("findWithPriorSR" .
   [0 0 0 0 0 0 0 0 0 0 0 0 0 0 2])
  ("plot" .
   [3 0 0 0])
  ("head" .
   [1 0 0 0])
  ("a$up12" .
   [1 0 1 0 0 0])
  ("ggplot" .
   [2 0 0 0 0 0])
  ("geom_point" .
   [3 0 0 0 0 0 0 0 0 0])
  ("function" .
   [1 0 0 0 0 0 0 0])
  ("data" .
   [4 0 0 0])
  ("max" .
   [3 0 0])
  ("with" .
   [1 0 0 0])
  ("match" .
   [3 0 0 0 0])
  ("print" .
   [1 0 0 0 0])
  ("plotLwithMax" .
   [0 0 0 0 0 1 0 0 0 0 0 1])
  ("debug" .
   [4 0 0 0 0])
  ("maxL" .
   [1 0 0 0])
  ("up12" .
   [1 0 0 0])
  ("geom_line" .
   [1 0 0 0 0 0 0 0 0])
  ("d" .
   [1])
  ("data.frame" .
   [5 0 0 0 0 0 0 0 0 0])
  ("melt" .
   [2 0 0 0])
  ("newDat" .
   [5 0 0 0 0 0])
  ("all" .
   [2 0 0])
  ("rep" .
   [1 0 0])
  ("n" .
   [3])
  ("length" .
   [1 0 0 0 0 0])
  ("foo" .
   [2 0 0])
  ("ylim" .
   [2 0 0 0])
  ("ggsave" .
   [2 0 0 0 0 0])
  ("exp" .
   [1 0 0])
  ("b$L" .
   [2 0 0])))
